0	18467600
0.00042092	19613432.33
0.00082391	23355569.24
0.00123272	25935013.02
0.00166006	28021662.6
0.00208627	29737061.35
0.00250553	31187144.55
0.00292041	32454663.48
0.00332471	33567399.36
0.00373698	34603268.01
0.00413604	35528244.2
0.00454433	36408591.6
0.00495445	37235786.57
0.00535691	37999636.86
0.00577107	38742564.46
0.00617702	39433403.02
0.00658988	40102354.06
0.00700559	40745283.3
0.00741678	41354018.59
0.0078356	41948892.78
0.00825068	42515672.08
0.00867445	43072950.49
0.00910164	43614693.55
0.00951276	44118568.82
0.00994853	44635359.09
0.01036811	45117352.83
0.01079757	45595972.47
0.01122768	46061398.77
0.01165089	46506652.64
0.01209152	46957692.66
0.01251769	47382503.72
0.01294875	47801437.32
0.01338751	48217386.35
0.0138136	48611777.69
0.01425407	49010126.79
0.01468122	49387821.92
0.01511696	49764824.41
0.01555698	50137455.75
0.01598733	50494428.32
0.01642948	50853858.24
0.01686081	51197659.58
0.01730185	51542535.23
0.01774289	51880965.42
0.01817727	52208253.66
0.01862652	52540713.16
0.01906265	52857834.48
0.01950754	53175840.97
0.01995057	53487228.56
0.0203893	53790591.2
0.02083887	54096478.93
0.02128106	54392617.93
0.02172887	54687915.78
0.02217636	54978537.62
0.02261452	55258925.09
0.02306678	55544150.44
0.02350745	55818113.04
0.02395908	56094974.02
0.02441072	56368005.55
0.02485293	56631738.05
0.02530922	56900252.45
0.02575191	57157361.32
0.02620511	57417208.21
0.02666192	57675781.1
0.02710367	57922729.85
0.0275654	58177684.63
0.02801039	58420422.82
0.02846205	58663898.62
0.02892025	58907995.71
0.02936806	59143807.91
0.02983071	59384656.51
0.02983485	59386799.22
0.02983551	59387140.79
0.03129179	60127565.66
0.03178055	60370348.33
0.0322726	60611990.12
0.03272651	60832495.94
0.03317314	61047267.09
0.03361384	61257099.43
0.03405189	61463662.16
0.03451254	61678771.56
0.0349594	61885420.71
0.03542129	62096976.16
0.03588401	62306874.65
0.03633471	62509403.83
0.03679445	62714088.92
0.03724637	62913456.07
0.03771074	63116459.55
0.03817118	63315926.7
0.03862678	63511552.21
0.03909306	63710003.45
0.03954997	63902774.8
0.04001417	64096941.48
0.04047677	64288787.68
0.04093384	64476753.53
0.04139845	64666235.04
0.04185724	64851805.03
0.04232066	65037725.95
0.04278675	65223204.63
0.04324503	65404123.23
0.04371367	65587670.39
0.04417171	65765664.19
0.04463693	65945055.47
0.04510478	66124070.97
0.04556322	66298157.89
0.04603358	66475429.29
0.04648987	66646121.67
0.04695876	66820240.85
0.04742745	66993004.72
0.04788628	67160914.57
0.0483585	67332485.92
0.04881706	67497911.73
0.04928612	67665939.99
0.04975255	67831856.74
0.05021241	67994313.39
0.05068103	68158736
0.05113957	68318536.45
0.05160911	68481075.37
0.05207493	68641248.79
0.05253765	68799309.99
0.05300436	68957694.03
0.05346388	69112632.96
0.05393231	69269565.13
0.05439935	69425030.64
0.05485935	69577190.22
0.05532704	69730928.61
0.05578765	69881402.56
0.05625786	70034067.35
0.05672826	70185851.91
0.0571851	70332372.16
0.05765588	70482459.87
0.0581153	70628054.14
0.05858417	70775767.66
0.05904942	70921478.51
0.05950817	71064324.15
0.05998069	71210608.08
0.06044259	71352782.31
0.06090841	71495351.17
0.06137704	71637968.19
0.0618377	71777376.51
0.0623093	71919301.74
0.06276596	72055975.34
0.06323595	72195872.24
0.06370157	72333711.69
0.0641625	72469430.34
0.06442169	72545430.95
0.06464815	72611649.36
0.06489496	72683623.04
0.06536255	72819426.13
0.06585429	72961469.77
0.06633719	73100198.1
0.06682245	73238853.65
0.06732244	73380940.87
0.06782126	73521919.57
0.06830978	73659245.48
0.06879261	73794259.65
0.06926594	73925938.35
0.06973501	74055776.66
0.07019729	74183104.71
0.07065897	74309649.7
0.07112353	74436368
0.07158311	74561126.64
0.0720407	74684757.58
0.0724923	74806201.71
0.07294132	74926398.22
0.07338898	75045686.85
0.07383248	75163337.17
0.07427828	75281071.76
0.07472275	75397935.69
0.07516859	75514644.19
0.07562683	75634066.06
0.07607888	75751351.24
0.07653788	75869913.14
0.07699566	75987637
0.07745211	76104504.26
0.07791582	76222709.61
0.07837448	76339116.64
0.07883389	76455209.77
0.07929386	76570943.93
0.07975097	76685467.34
0.08021179	76800429.63
0.08066608	76913285.43
0.08112163	77025982.95
0.08157738	77138262.29
0.08203431	77250367.31
0.08249345	77362550.07
0.08294418	77472229.46
0.08340024	77582757.85
0.08385386	77692252.11
0.08430429	77800543.51
0.08475923	77909485.45
0.08520871	78016695.8
0.08566065	78124071.79
0.08611225	78230949.07
0.08656207	78336993.56
0.08701655	78443723.31
0.08747008	78549819.53
0.08792041	78654765.14
0.08837551	78760419.02
0.08882654	78864731.54
0.08928274	78969841.79
0.08973402	79073428.16
0.09018946	79177579.3
0.09064388	79281110.01
0.0910985	79384302.67
0.09155283	79487049.48
0.09200589	79589134.03
0.09245993	79691066.88
0.09291235	79792268.27
0.09336218	79892529.41
0.09381763	79993679.64
0.09427011	80093811.07
0.0947225	80193567.66
0.09517156	80292241.89
0.09562198	80390869.46
0.096075	80489720.19
0.09652526	80587627.48
0.09697174	80684379.68
0.09742181	80781576.76
0.09786632	80877247.51
0.09831657	80973826.41
0.09876576	81069852.34
0.09897262	81113965.33
0.09897338	81114127.28
0.0993041	81184511.56
0.09975559	81280318.77
0.10021051	81376529.85
0.10065895	81471054.65
0.10111183	81566199.6
0.10158753	81665799.79
0.10206441	81765301.23
0.10255735	81867792.65
0.10304326	81968466.24
0.10351541	82065952.99
0.10398943	82163495.41
0.10444365	82256655.23
0.10490087	82350128.05
0.10535287	82442237.83
0.10579908	82532881.32
0.10625233	82624665.76
0.10669391	82713808.76
0.1071405	82803685.9
0.10759043	82893955.31
0.10803401	82982677.68
0.10848419	83072444.94
0.10892331	83159741.62
0.10936874	83248027.05
0.10981112	83335445.01
0.11025144	83422197.49
0.11070021	83510351.38
0.11113494	83595495.52
0.11157349	83681138.47
0.11201476	83767061.54
0.11244947	83851462.68
0.11288956	83936662.8
0.11331823	84019416.05
0.11375188	84102895.31
0.11418566	84186164.32
0.11461486	84268324.07
0.11505175	84351722.39
0.11547651	84432580.81
0.11590734	84514370.22
0.11633835	84595969
0.11676629	84676765.54
0.11719904	84758247.71
0.11762487	84838209.86
0.11805649	84919040.96
0.11848586	84999234
0.11891346	85078883.02
0.11935247	85160437.19
0.11977577	85238862.99
0.1202096	85319027.18
0.12064227	85398764.08
0.12107067	85477505.83
0.12150719	85557528.28
0.12193217	85635231.12
0.1223653	85714218.14
0.12279378	85792153.87
0.12322597	85870560.81
0.12365968	85949039.19
0.12408614	86026007.36
0.12451747	86103655.62
0.12494664	86180717.73
0.12537644	86257696.91
0.12580864	86334909.28
0.1262296	86409925.15
0.12665722	86485938.55
0.1270835	86561524.97
0.1275091	86636803.87
0.12793836	86712542.03
0.12835564	86785986.42
0.12878053	86860588.91
0.12920462	86934869.51
0.12962636	87008559.81
0.13005253	87082844.15
0.13046794	87155079.78
0.13089221	87228680.6
0.1313143	87301728.28
0.13173322	87374055.75
0.13182765	87390335.79
0.13182839	87390463.33
0.13243131	87494205.31
0.13284562	87565291.51
0.13324706	87634013.19
0.1336492	87702701.26
0.13406329	87773270.82
0.13449383	87846472.98
0.1349358	87921438.35
0.13538822	87997988.26
0.13584764	88075529.12
0.13630146	88151934.51
0.13675342	88227839.89
0.1371982	88302358.39
0.13763284	88375005.53
0.13806135	88446462.07
0.13848818	88517475.5
0.13890701	88587000.67
0.13932879	88656858.94
0.13974239	88725210.57
0.14015762	88793681.16
0.14057189	88861844.01
0.1409859	88929815.74
0.1413983	88997376.45
0.14181085	89064816
0.1422185	89131312.09
0.14262535	89197537.2
0.14303097	89263423.09
0.14344009	89329737.57
0.14384363	89395010.62
0.14424699	89460119.27
0.14464929	89524922.77
0.1450523	89589707.05
0.14545767	89654736.46
0.14585667	89718613.18
0.14625803	89782737.38
0.14665762	89846449.57
0.14705898	89910314.8
0.14745897	89973833.83
0.14785386	90036418.02
0.14825152	90099316.34
0.14864593	90161577.41
0.14903959	90223598.3
0.14943331	90285507.51
0.14982545	90347048.42
0.15021822	90408568.83
0.15060741	90469411.2
0.15099866	90530458.45
0.15139248	90591788.6
0.15178012	90652041.15
0.15216664	90712006.35
0.15255346	90771905.34
0.15294017	90831675.06
0.15333142	90892032.77
0.15371442	90951007.48
0.15409829	91010007.14
0.15448341	91069089.74
0.1548665	91127752.87
0.15524928	91186261.37
0.15562881	91244167.8
0.15601136	91302429.36
0.15639165	91360242.03
0.15677242	91418023.54
0.15715627	91476167.42
0.15753236	91533034.01
0.15791387	91590617.58
0.15829064	91647384.76
0.15867101	91704593.01
0.15904929	91761386.37
0.15942652	91817922.62
0.15980336	91874301.67
0.16018114	91930722.69
0.16055775	91986871.05
0.16093329	92042762.92
0.16130681	92098258.49
0.16168054	92153690.17
0.16205369	92208941.32
0.16242867	92264368.66
0.16280149	92319382.93
0.16317494	92374396.79
0.16354321	92428556.39
0.16391322	92482881.08
0.16428353	92537159.03
0.16465563	92591608.24
0.16501992	92644826.47
0.16538717	92698389.19
0.16575315	92751679.2
0.16611736	92804625.11
0.16648329	92857734.62
0.16683973	92909383.81
0.16720264	92961886.69
0.16756573	93014331.29
0.16792414	93066017.51
0.16828598	93118115.62
0.16864096	93169145.53
0.1689985	93220463.16
0.16935096	93270973.09
0.16970716	93321940.01
0.1700603	93372391.01
0.17041014	93422294.17
0.17076271	93472510.11
0.17111488	93522592.55
0.17146489	93572292.29
0.17181816	93622378.87
0.17216242	93671114.75
0.1725089	93720092.15
0.17285394	93768793.7
0.17320146	93817772.65
0.17354828	93866580.48
0.17388974	93914563.54
0.17422982	93962283.43
0.17457041	94010005.85
0.17491048	94057586.71
0.17524919	94104909.29
0.17558333	94151527.11
0.17591905	94198299.29
0.17625192	94244609.25
0.17658416	94290767.06
0.17691584	94336783.02
0.17724354	94382184.16
0.17757256	94427705.72
0.17789811	94472685.8
0.17822451	94517722.22
0.17854704	94562164.74
0.17886734	94606241.23
0.17918922	94650476.34
0.17950763	94694176.76
0.17982541	94737733.56
0.18014067	94780888.72
0.18045086	94823295.33
0.18076354	94865987.8
0.18107372	94908284.97
0.18138248	94950335.29
0.18168882	94992003.71
0.18199068	95033011.93
0.18229496	95074298.01
0.18259698	95115227.04
0.18289716	95155857.11
0.18319552	95196191.97
0.18348991	95235942.51
0.18378234	95275381.71
0.18407121	95314295.21
0.18436132	95353330.29
0.18464736	95391773.27
0.18493029	95429754.94
0.18520991	95467250.04
0.18548645	95504290.96
0.18576095	95541018.23
0.1860341	95577525.04
0.18629888	95612875.35
0.18656026	95647735.28
0.18681674	95681906.58
0.18706434	95714861.88
0.18730473	95746826.66
