0	0
2.99996E-05	0.196754881
0.000119993	5.254331664
0.000219976	11.72497626
0.000319949	17.8075977
0.000409916	23.75551308
0.000499875	29.68076146
0.00059982	35.51536096
0.000689762	41.21987787
0.000789688	46.9383865
0.000869622	52.57742651
0.000959539	58.26344213
0.001059439	64.01680853
0.001149339	69.72336283
0.001239232	75.46180625
0.00131913	80.60126073
0.001379049	84.12518659
0.001428979	86.62029987
0.001468921	88.66479317
0.001498876	90.54728507
0.001538815	92.21775394
0.001568769	93.84744303
0.001608705	95.47923964
0.001638657	96.98707442
0.001668607	98.54147937
0.00170854	99.95011676
0.001738488	101.3184208
0.001778418	102.8062618
0.001808364	104.1055753
0.001848291	105.4603174
0.001878235	106.6515062
0.001898197	107.7983887
0.001938121	108.9778938
0.001968062	110.0319499
0.001998003	111.1666329
0.002027942	112.1936727
0.002057881	113.2227535
0.002087819	114.2950942
0.002127735	115.2936368
0.002157671	116.3554902
0.002187605	117.3075679
0.002217539	118.2771052
0.00225745	119.2414825
0.002287382	120.1641678
0.00232729	121.1464742
0.00235722	122.0217013
0.002397125	122.8938288
0.002437028	123.8033254
0.002466955	124.6522388
0.00251683	125.5461663
0.002546754	126.3013665
0.002586652	127.1020138
0.002636521	127.9060206
0.002676415	128.6475281
0.00272628	129.4675506
0.002766171	130.1374411
0.002806059	130.8824701
0.002865889	131.634538
0.002915745	132.2962527
0.002965598	133.0668443
0.003015449	133.695573
0.003075267	134.3315973
0.00313508	135.0210716
0.003194891	135.6362217
0.003254698	136.2893245
0.003314501	136.8561699
0.003374301	137.4165851
0.003444062	138.005523
0.003513819	138.5330537
0.003583571	139.1430839
0.003663282	139.6293328
0.003733024	140.1182177
0.003812722	140.6716479
0.003902376	141.1315497
0.003992021	141.6569659
0.004081659	142.0922453
0.00416133	142.5086021
0.004260909	142.9642462
0.004370436	143.3828679
0.004469995	143.8427655
0.004579498	144.2033694
0.004688989	144.5522527
0.004808421	144.9489912
0.004927838	145.302741
0.005057191	145.7000373
0.005176578	145.997274
0.005305899	146.3189427
0.005455094	146.6454707
0.005594323	146.9348292
0.005753417	147.2913182
0.005902546	147.5312769
0.006061591	147.8009664
0.00623055	148.079933
0.006389543	148.3177822
0.006578315	148.6295098
0.006747186	148.791025
0.006935891	149.0226448
0.00712456	149.2642894
0.007313193	149.4632616
0.007501791	149.7504584
0.0077102	149.8986763
0.007908644	150.0953849
0.008107049	150.3341458
0.008315332	150.4863793
0.008523571	150.761796
0.008731767	150.8955735
0.008930009	151.065999
0.00913812	151.2819894
0.009346188	151.4523845
0.009554213	151.6645016
0.009752291	151.7997641
0.009960232	151.9691705
0.010168129	152.1350953
0.010366086	152.2853203
0.010573899	152.5265043
0.010771776	152.6359911
0.010979504	152.7951218
0.011187189	152.9737334
0.011384945	153.1286065
0.011582661	153.349346
0.011780339	153.4619991
0.011977977	153.639236
0.012175576	153.7851259
0.012373136	153.9382906
0.012580532	154.1430376
0.012768139	154.2377518
0.012965582	154.4025095
0.013172856	154.544181
0.013370219	154.7151037
0.013567543	154.9001369
0.013754965	155.0075442
0.013952214	155.1645394
0.014149423	155.3088248
0.014346594	155.4434227
0.014543725	155.6598995
0.014730965	155.7524036
0.014928021	155.893525
0.015125038	156.0619835
0.015312168	156.1796225
0.01550911	156.393728
0.015706012	156.4837186
0.015893034	156.6042007
0.016089861	156.7842751
0.016276811	156.904859
0.016473563	157.0991804
0.016670276	157.2001894
0.016857117	157.3086024
0.017053755	157.4877903
0.017240524	157.578278
0.017437087	157.7959758
0.017623785	157.881908
0.017820272	158.0041915
0.01801672	158.1635173
0.01820331	158.2869842
0.018399683	158.4661644
0.018586201	158.5551476
0.018772685	158.6703882
0.018968947	158.8190983
0.019165169	158.9575814
0.019351545	159.1307385
0.019547693	159.2093615
0.019733997	159.3411213
0.01993007	159.4632633
0.020126104	159.5803904
0.020312301	159.7901967
0.020508261	159.853897
0.020694386	159.9782648
0.020890271	160.1185783
0.021086117	160.2122736
0.021272135	160.4037784
0.021467907	160.4634667
0.02166364	160.5982897
0.021849551	160.7312653
0.022045209	160.8409104
0.022231049	161.0187078
0.022426633	161.0737778
0.022612402	161.1929297
0.022817685	161.3254061
0.023003382	161.4182484
0.023189044	161.6046174
0.02338444	161.6680637
0.023570032	161.7683931
0.023765354	161.9193299
0.023950874	162.0006361
0.024146122	162.1657614
0.024331572	162.2322129
0.024516987	162.3332734
0.024712125	162.4526977
0.02489747	162.5543967
0.025092533	162.7266817
0.025287558	162.7967064
0.025472796	162.8798753
0.025667747	163.009798
0.025852915	163.0883699
0.026047791	163.2401179
0.02624263	163.307637
0.026427692	163.396426
0.026622457	163.5295033
0.026807448	163.6034985
0.027002139	163.7575857
0.02718706	163.8217112
0.027381677	163.9033751
0.027566528	164.0267664
0.027751345	164.0914649
0.027945852	164.2642786
0.028130598	164.3171935
0.028325032	164.3924171
0.028519427	164.510433
0.028704068	164.5694993
0.02889839	164.7390184
0.029082961	164.7680965
0.029267498	164.8458483
0.02946171	164.9825672
0.029646177	165.0365306
0.029840316	165.1916115
0.030024713	165.2288374
0.030209076	165.2971103
0.030403106	165.4181116
0.030587399	165.4792816
0.030771659	165.6291538
0.030965579	165.6732302
0.031149769	165.7276448
0.031333925	165.8457093
0.031518047	165.8987063
0.031711823	166.0415952
0.031895875	166.0743045
0.032089578	166.1427038
0.032263878	166.2322691
0.032447829	166.2992258
0.032641425	166.422277
0.032815629	166.4601176
0.033009154	166.5290743
0.033183294	166.6058968
0.033367076	166.6777526
0.033550824	166.8012058
0.033724869	166.8311743
0.033898885	166.9101404
0.03407287	166.984053
0.034256489	167.0282782
0.034440073	167.1594018
0.034604305	167.1787965
0.034787825	167.2300933
0.034961656	167.3192193
0.035125802	167.3607785
0.035299574	167.4801634
0.035473316	167.4915527
0.035637378	167.536336
0.035801412	167.6323596
0.03596542	167.6741091
0.036129402	167.7881437
0.036293356	167.803898
0.036447641	167.8170999
0.036601902	167.9300653
0.036765779	167.9338237
0.036919992	168.0623253
0.03707418	168.0864347
0.037228345	168.1054134
0.037372853	168.1920099
0.03751734	168.2044031
0.037661806	168.2942582
0.037806252	168.3108998
0.037941049	168.3135083
0.038085454	168.4109583
0.038220213	168.4101744
0.038354954	168.5162785
0.038480054	168.534266
0.03861476	168.5286269
0.038739828	168.6156152
0.038855262	168.6093161
0.0389803	168.7169227
0.039095705	168.7092669
0.039211098	168.7186582
0.039326477	168.7682275
0.039432229	168.7678327
0.039537971	168.8428735
